2727
3474
3089
4410
578
3347
1201
796
4108
4749
4925
1788
4409
2586
3888
2093
292
1885
3853
66
1564
3390
3820
178
1676
305
2204
77
2149
4534
363
1228
3009
3453
638
4939
3152
3191
735
3613
2940
661
401
3701
3247
4289
795
4891
2526
1000
1309
442
4391
1481
621
2419
1787
4177
2496
288
64
2859
1516
3073
2664
3507
4364
817
3050
100
782
2343
761
1183
1044
360
1824
3191
1603
702
4192
2912
1145
4935
4393
3118
3706
1180
2295
1202
1468
2359
4061
4337
1784
3078
2844
1149
247
2246
2601
1029
4589
3362
2212
634
74
388
3825
3029
1090
4369
941
3587
656
334
1705
4362
2867
353
1916
687
4064
2330
24
849
408
4220
3350
655
1467
951
1684
1056
665
248
3042
2091
636
3220
120
3078
2589
2413
1666
4598
4099
4723
312
1966
76
2229
4006
493
4559
382
2694
4967
4603
1044
1974
2422
3347
3658
4830
364
258
2873
2455
894
1093
3927
324
34
1340
1990
984
439
3066
1297
3758
4494
3526
2764
4987
4437
3146
2681
4404
4101
3725
2730
2875
3424
2740
2706
3788
2998
579
2595
244
3024
2874
568
4410
566
3911
395
2358
1977
1692
1116
1471
1570
232
1459
1007
4730
4140
1763
3832
4218
4493
1707
3994
2233
765
4135
231
2696
3082
1827
720
957
2395
131
1523
1306
1878
233
4635
3570
1349
1107
140
2933
3918
2499
2664
4410
4262
2848
4980
107
907
3975
3692
1673
3110
275
4369
1192
2102
1442
3501
4497
2925
1377
2156
4803
1610
3143
4725
4312
602
1217
2245
4520
3716
1261
283
4330
4109
263
4437
17
590
4481
1690
52
4756
2411
2597
1858
205
1098
2707
4482
3827
1215
637
438
4359
362
4750
4961
1579
3347
834
1647
4609
2469
977
3718
2732
1766
87
4675
1247
3129
4727
1003
1893
2324
4213
2098
3423
1921
1581
2250
3136
2218
4040
2495
3933
142
3809
512
3490
995
3512
4451
3464
841
4521
2548
2608
4609
2223
207
2738
3303
2563
4631
627
1776
3082
402
49
4663
4005
3186
3233
3045
2033
2166
4540
2194
4031
4382
3189
3895
3833
3005
4736
3354
1906
3696
2963
481
256
2054
3784
2819
1685
4412
947
4767
1166
997
782
171
535
368
4569
2568
3886
4109
1115
4269
3491
656
3164
2324
3662
2901
2030
1920
2949
1346
2401
3205
3400
2538
2376
1437
1950
3324
2557
3116
673
3339
4640
1208
59
4209
128
3946
3318
1243
3215
3161
1900
2732
1837
1914
1985
3867
186
4934
213
2587
3140
4965
125
516
1403
3427
192
312
2896
865
3
2536
3425
63
3097
3554
361
2767
1149
3576
928
4401
2660
4117
1315
4645
2984
1501
4580
4550
441
4072
867
1918
4588
3622
346
1133
3934
4594
3350
3938
2130
1776
4001
1579
1682
4362
4346
2831
4290
1626
2233
3303
743
4900
2948
79
2754
3880
981
3195
2952
1849
113
2541
1823
1811
26
758
1405
3376
1048
4887
1504
1401
2818
3186
2115
2164
2370
1405
142
955
1060
885
2207
4009
2317
4961
2889
4650
4508
842
1499
974
4735
4675
2785
1113
433
543
4489
2833
1782
994
4234
4601
532
1349
3117
2902
4106
4612
209
167
1849
2417
528
4166
2378
3417
3817
1887
611
1668
2861
1698
2695
1998
2811
3128
3893
3653
2313
2028
4647
1547
2981
1531
2896
2450
4434
2003
2062
995
2170
3912
3412
2698
4430
791
2467
4599
4030
4431
1268
3243
1129
3963
241
293
3444
487
3946
757
2515
4945
3657
1848
1476
1553
4298
2262
4908
1361
3258
3430
1625
1670
2480
1055
3813
4948
655
2843
731
3275
2438
1860
3590
4032
3505
3386
4519
2451
496
3386
3748
4153
234
225
2058
4532
3839
1967
2245
2097
397
3870
120
2878
4926
285
4178
1933
4481
4909
208
1919
3121
150
951
1627
3537
1822
430
385
1560
4179
4538
1794
756
2948
2679
947
4915
1276
4397
313
147
4517
4543
1425
1154
3721
3358
635
3630
4918
3907
3103
68
4858
4730
4957
3033
1513
1694
4593
2044
1232
2740
4152
533
1771
99
448
3047
4496
2113
3194
365
1656
971
1520
1729
681
3507
359
599
2414
4815
2020
3625
897
3329
3010
2410
24
2603
4454
2608
1695
3606
3141
3466
58
3590
2866
4554
2055
2412
4920
3712
3384
2792
441
4065
1299
2153
1017
66
1968
3037
43
2865
2718
3053
1628
2742
656
2434
1703
3704
1041
4844
3522
2451
4786
1388
2005
1842
3801
3277
554
3537
2421
2347
2602
73
852
3619
139
2820
3008
182
2038
727
3235
18
4821
243
2452
1524
299
4845
1369
3822
2296
1155
210
654
4349
363
3931
1255
3900
1353
3603
2855
2778
807
1474
2917
4980
4483
4451
2018
1562
4038
3388
1383
4281
840
2908
933
686
629
4755
4334
3136
1317
4988
2486
1681
3920
93
1933
1625
3696
4788
4403
856
1263
3672
836
2098
3123
2854
12
2161
1242
1395
2794
3434
655
79
472
2636
4834
4807
773
1152
4795
4611
4185
3715
4704
1118
1692
4753
2259
1095
609
4874
1119
1445
3324
4242
651
3336
2755
3245
1083
1902
3031
3091
1981
3504
727
3168
3311
2852
672
3106
2463
4857
3174
3520
2327
4866
3273
4586
2314
234
812
4785
3031
4136
4028
34
2472
3135
3279
3556
1389
1310
1647
4723
4814
3726
2891
4477
1579
3563
2584
394
4772
758
3914
2099
1976
3539
3038
642
3773
3850
428
3156
2987
808
3190
1811
295
2821
367
1685
4132
3366
1408
298
2093
651
4776
24
4214
3712
418
3986
822
4333
2437
4150
4224
475
4793
4350
678
1573
2506
17
3733
697
1828
4028
3518
2196
2065
4002
1914
4825
653
359
476
1781
383
4690
493
2154
3676
2667
2839
2466
1817
2063
2941
1610
